91
96
52 12
231 1
47 122
94 21
136 20
71 127
86 97
236 3
147 89
59 80
129 0
189 26
152 40
105 125
130 82
186 10
178 38
137 23
223 14
202 25
165 48
136 58
16 114
185 9
135 71
154 62
229 4
133 10
19 87
200 31
189 5
152 83
114 20
191 8
229 4
227 9
190 45
237 1
149 83
55 124
118 55
192 32
218 4
147 71
92 91
23 2
90 91
49 125
151 32
183 0
99 14
30 31
46 61
34 67
112 100
225 0
232 2
120 103
69 162
153 26
155 25
23 154
171 54
7 146
153 41
42 0
90 101
130 31
183 8
178 12
55 8
211 21
18 24
71 19
98 36
202 15
219 10
53 81
61 100
137 8
50 155
15 131
25 86
37 183
95 74
160 58
230 2
224 2
24 135
95 133
220 15
128 95
131 5
52 23
48 26
227 12
2
183 22
120 105
73
127 43
113 111
24 139
153 15
233 0
47 6
80 110
189 2
29 24
174 6
142 32
156 74
210 9
99 84
184 14
121 12
184 47
111 23
35 57
231 8
54 101
66 96
139 20
73 103
77 66
41 46
73 119
50 161
148 46
210 22
167 14
87 117
233 6
187 7
206 26
81 87
171 43
234 0
27 69
206 28
123 79
184 19
20 165
45 164
36 166
10 100
84 108
189 28
27 172
86 45
224 0
85 6
171 26
32 127
63 90
21 112
56 108
86 146
188 12
53 70
138 42
212 0
148 68
145 55
236 0
142 82
5 98
69 130
217 11
15 6
13 193
191 48
169 9
85
40 190
84 77
239 0
138 84
164 36
69 34
230 1
137 82
231 0
1 97
60 102
155 60
50 13
212 15
221 8
71 7
82 107
105 95
39 146
143 59
107 42
145 18
35 102
152 16
3 24
200 28
168 31
151 35
162 15
51 107
109 70
91 125
149 64
70 66
56 72
107 125
217 14
199 34
197 20
107 96
228 4
59 5
36 43
46 13
200 7
150 7
47 145
197 14
214 19
56 117
184 25
231 3
158 31
58 51
55 29
108 32
202 3
125 44
31 83
146 76
176 35
46 1
169 35
213 25
232 7
35 105
21 183
106 62
188 40
52 53
232 4
27 190
59 54
135 24
32 76
113 119
71 128
4 137
114 84
9 165
94 89
128 48
121 93
191 12
149 50
37
150 76
177 22
123 80
228 10
231 5
181 5
92 2
69 12
191 10
164 68
86 44
158 50
121 58
27 66
171 41
114 89
229 2
90 77
21 85
121 47
126 32
18 19
40 156
36 17
179 22
127 45
112 26
37 10
165 17
0 71
75 163
139 29
15 209
53 153
92 44
15 85
183 4
90
54 31
139 4
165 68
209 15
79 128
143 16
27 125
66 134
86 69
177 2
75 20
14 85
236 2
201 30
7 137
12 59
42 137
223 5
153 76
75 78
233 0
187 1
112 18
26 78
153 38
56 7
133 45
21 44
221 14
206 6
69 89
118 60
102 19
110 114
11 191
186 52
128 105
40 182
73 142
19 104
4 160
67 44
162 40
149 84
99 84
175 0
134 86
226 3
62 48
169 27
36 131
84 75
141 49
151 0
11 93
215 13
116 100
145 29
176 8
193 0
93 55
62 132
102 41
92 107
150 43
200 34
68 15
181 50
36 83
33 41
76 49
234 3
214 10
29 185
162 49
181 52
133 54
31 104
57 22
28 168
218 18
214 14
53 37
170 51
175 3
40 32
151 44
180 8
238 1
88 70
53
74 158
0 109
82 111
28 63
10 155
141 40
60 174
0 51
33 50
113 101
175 0
29 11
196 14
32 162
90 90
95 144
230 8
31 200
101 12
98 3
29 100
52 133
26 163
218 16
180 24
92 110
215 19
204 8
138 63
153 16
76 21
141 38
227 0
60 159
210 24
77 80
76 121
232 1
45 159
225 7
116 106
174 60
208 21
199 6
124 35
138 33
193 17
171 19
216 23
205 24
16 38
31 170
194 16
94
109 23
146 64
61 121
146 71
158 55
195 34
174 14
87 152
43 31
92 62
93 12
4 169
197 23
166 12
237 2
85 139
43 191
217 22
105 18
204 3
174 15
13 68
21 157
31 192
56 118
228 6
102 126
0 160
148 13
116 78
106 111
2 127
22 197
193 23
31 204
110 122
229 7
167 27
176 12
188 23
95 113
189 29
153 22
144 44
87 3
40 48
119 98
228 7
109 125
113 115
40 17
34 130
48 70
48 138
151 3
111 69
116 85
207 13
93 16
118 14
59 163
14 184
226 7
70 140
151 3
113 85
10 70
178 18
81 48
45 189
14 222
181 46
73 62
179 9
62 174
53 131
231 1
13 198
170 50
44 50
96 88
66 123
32 204
29 176
214 6
37 123
5 76
200 5
47 150
28 125
130 63
25 131
222 11
203 30
5
126 73
148 11
179 8
53 88
65 167
77
99 85
7 165
73 163
195 17
66 164
132 62
159 15
216 0
190 35
21 72
81 150
109 75
188 4
186 6
113 71
17 13
35 44
13 196
223 16
208 23
99 3
172 51
234 5
116 92
90 25
103 75
44 11
75 16
211 24
185 4
60 129
114 38
118 5
63 157
173 23
24 171
184 37
133 48
0 113
221 17
27 169
216 23
171 8
65 43
164 23
93 101
201 22
43 124
229 7
5 89
74 48
123 82
128 91
33 3
53 173
181 28
51 140
157 47
40 26
228 6
99 21
236 1
73 139
97 100
2 87
3 229
108 96
104 126
134 77
87 32
134 27
177 9
18 144
140 14
234 0
57 11
152 54
66
114 104
149 28
55 167
0 11
130 77
208 20
154 84
86 37
115 31
229 9
160 37
42 95
205 0
30 46
129 97
167 52
181 40
117 13
112 43
159 1
21 175
47 24
177 6
113 43
148 29
69 39
50 107
192 29
158 42
140 75
59 153
9 154
167 68
63 127
153 17
178 23
147 61
163 10
230 5
33 74
74 80
145 17
164 26
25 201
214 0
80 126
47 46
105 82
173 27
74 131
168 29
138 77
26 140
117 40
74 31
214 2
33 148
48 32
56 93
227 0
235 4
141 17
135 57
8 142
214 5
59 151
82
116 101
76 4
212 6
150 10
54 141
127 102
217 5
8 123
152 10
216 12
177 13
49 187
152 45
134 80
134 25
211 28
120 9
157 63
99 37
84 111
204 8
181 33
14 170
158 29
127 106
189 43
210 5
171 14
11 145
183 21
19 52
146 88
26 23
200 15
223 10
144 40
61 144
199 34
108 95
210 22
7 79
119 71
175 13
185 15
205 5
109 118
169 57
39 57
78 4
223 12
200 30
136 23
90 119
151 67
113 6
86 112
122 33
167 72
25 206
9 95
41 51
130 3
33 194
111 109
6 133
2 203
71 168
159 30
133 81
177 35
229 9
189 18
131 53
12 21
110 119
35 12
115 13
1 53
187 1
93 19
38 168
173 51
57
215 23
67 85
237 0
145 89
110 18
148 18
143 75
121 93
133 95
197 24
170 3
115 76
224 13
130 21
111 9
229 6
215 18
156 19
185 38
113 33
17 190
132 4
93 119
44 137
212 4
32 183
216 14
46 163
25 13
175 10
108 44
85 27
176 29
2 158
213 19
67 56
55 134
214 9
231 0
88 123
80 129
69 1
83 113
238 1
219 16
1 232
138 83
84 153
45 145
123 95
97 111
155 25
1 95
31 33
23 42
228 10
165 6
8
219 3
42 88
146 58
137 12
36 96
135 94
182 29
61 153
29
187 31
169 8
101 85
42 117
239 0
82 153
76 39
134 64
193 1
118 41
84 1
209 21
126 65
122 0
163 68
149 54
237 0
135 34
234 0
5 56
0 55
34 168
182 23
200 36
128 59
229 5
70 6
151 33
214 4
43
222 0
176 43
23 101
120 110
196 24
25 95
187 29
162 21
29 13
173 25
200 39
173 26
103 76
79 141
231 3
165 60
25 206
23 117
191 12
11 64
62 45
131 36
230 9
169 41
148 83
122 54
168 54
82 1
38 158
212 0
53 111
126 71
226 2
210 6
91 51
179 3
59 150
83 68
155 46
115 119
185 41
111 40
214 8
15
187 17
200 1
233 6
102 87
201 10
31 182
227 7
73 33
225 4
87 47
153 86
185 15
157 66
75 68
57 70
52
13 102
36 162
87 141
216 1
27 195
37 127
200 11
55 30
42 88
4 18
51 53
43 130
192 47
52 88
23 198
124 103
197 29
18 183
191 42
113 58
136 86
60 78
116 8
112 40
229 6
33 161
180 58
87 6
45 27
198 41
206 5
50 60
200 29
52 103
120 70
64 163
126 94
117 107
194 22
65 174
79 102
55 58
154 20
122 14
206 16
60 156
128 26
22 118
68 155
65 104
188 1
31 38
39
77 8
164 49
154 21
140 97
119 12
65 154
109 51
182 45
213 25
228 10
95 120
163 52
40 72
214 3
178 38
1 70
143 24
204 31
198 1
179 38
47 132
9 227
84 32
86 109
123 39
102 6
43 157
50 169
71 87
88 1
212 13
106 110
70 138
101 32
89 106
36 44
129 50
210 6
186 29
18
80 146
33 139
31 46
217 8
234 0
82 35
28 169
130 38
114 15
21 19
16 18
27 182
92 142
94 143
15 134
21 99
54 133
8 87
80
89 50
199 22
114 95
59 84
191 35
131 100
167 29
196 1
68 120
221 5
68 35
33 110
82 2
182 42
19 40
135 71
114 74
152 52
189 10
29 15
208 21
28 29
203 17
215 5
192 42
113 36
154 28
238 0
169 56
11 212
52 160
115 75
113 33
12 130
71 95
103 34
119 3
165 73
218 11
99 39
218 18
154 43
40 190
82 57
178 2
210 29
212 21
67 119
210 13
4 28
11 89
26 40
162 11
233 2
99 33
119 83
38 129
197 7
166 17
12 42
67 81
180 9
101 85
113 13
162 7
140 95
39 125
62 159
73 110
199 35
157 75
118 56
190 4
141 22
24 83
202 6
218 1
1 64
44 93
34 77
10
95 65
189 5
4 126
120 10
203 18
20 142
127 93
37 16
17 77
17 215
87
1 223
75 126
24 118
44 28
77 73
239 0
196 18
27 85
48 90
237 1
144 44
93 74
54 1
108 115
158 18
198 5
102 120
94 29
114 6
107 48
203 35
13 36
148 53
58 80
137 85
209 13
147 71
62 18
209 3
237 2
17 21
182 38
105 49
226 8
95 142
182 41
206 21
185 1
62 88
161 62
160 77
81 31
185 23
110 7
155 31
226 9
81 132
86 152
88 66
93 46
102 60
30 95
187 24
41 127
57 19
5 119
99 33
140 80
239 0
105 19
239 0
78 12
86 99
16 80
62 28
153 33
169 4
118 89
94 112
96 73
37 70
57 124
163 50
9 25
161 73
138 32
225 6
167 4
114 12
219 2
223 9
78 122
148 46
32 56
153 3
53 162
57 98
38
15 54
224 2
174 61
79 54
236 0
218 18
103 69
15 101
5 182
110 100
28 141
175 53
17 2
145 46
3 203
155 7
193 4
39 32
17 200
45 56
31 119
82 34
57 33
56 36
25 166
175 11
74 35
89 48
134 50
128 54
174 6
235 3
9 218
161 74
43 1
91 134
119 28
186 40
52
104 88
98 70
236 1
52 25
209 15
11 204
57 150
106 110
118 26
103 130
226 5
98 128
142 97
171 19
128 2
125 3
199 30
157 9
30 36
178 46
183 9
40 68
37 181
226 5
225 14
1 193
210 17
92 139
45 2
63 174
82 33
77 4
60 75
28 10
237 0
40 102
176 13
87 142
36 130
88 119
134 99
2 139
193 37
153 24
66 164
217 9
40 55
87 120
68 117
208 22
153 62
197 36
65
226 10
36 171
124 70
215 19
215 6
218 20
53 112
137 22
56 175
235 2
237 0
128 102
96 75
11 183
193 39
174 46
101 71
94 55
117 72
182 43
129 79
192 18
236 2
15 211
71 111
224 0
202 10
67 86
25 144
58 54
235 3
73 72
189 10
103 124
222 13
112 64
145 59
105 71
150 9
218 16
12 2
158 33
205 34
199 19
147 21
239 0
14 223
128 63
198 4
4 115
178 46
221 15
175 40
222 6
56 108
101 9
211 5
212 8
195 17
188 31
112 83
59 141
128 25
97 61
238 1
69
224 8
166 45
203 7
214 1
92 83
109 81
159 14
36 43
138 48
68 36
158 81
229 3
15 42
209 2
118 96
162 45
207 7
117 93
172 47
9 75
108 129
96 80
3 59
140 63
219 9
199 3
170 68
217 7
83 52
116 42
239 0
107 107
44 17
171 9
6 84
39 62
231 2
80 56
9 69
191 10
217 20
204 32
71 72
49 91
130 11
62 29
123 104
107 100
202 10
132 58
221 2
137 38
174 60
83 104
188 13
237 2
35 203
109 23
67 162
5 76
95 7
63 117
196 9
143 87
222 3
14 94
48 109
9 188
56 163
19
11 181
208 5
129 60
159 12
237 2
61 41
127 91
63 108
116 65
129 102
208 28
142 33
185 7
22 40
70 131
206 1
64 152
234 3
127 62
55
21 32
168 57
0 161
106 11
73 10
74 113
5 232
238 1
94 80
236 0
142 45
64 158
233 3
71 38
150 49
126 102
129 13
108 124
40 131
142 36
79 70
76 5
236 2
88 30
66 93
140 80
131 47
32 25
100 53
167 39
217 10
104 88
226 11
4 214
186 30
104 115
102 34
221 16
143 5
226 13
141 1
134 70
149 67
127 111
186 18
235 2
211 6
88 21
123 52
138 66
234 0
131 39
110 97
198 32
200 30
47
33 163
172 12
96 139
41 98
33 188
169 52
120 42
137 40
225 7
48 46
218 17
46 93
207 27
98 68
219 7
167 6
196 8
89 96
166 14
232 2
209 23
105 49
65 149
11 16
213 14
100 110
152 39
175 60
55 86
44 118
168 9
150 8
16 22
26 92
200 24
73 119
232 5
77 40
78 24
176 47
106 107
234 4
22 186
90 12
232 7
192 43
203 23
87
135 79
194 27
138 12
171 24
196 15
122 30
138 48
134 88
133 9
156 79
71 122
116 123
192 43
141 38
201 37
78 148
106 49
69 164
11 179
165 7
175 4
38 22
27 60
79 36
225 2
59 97
174 24
35 6
38 178
170 64
39 188
94 23
161 9
19 127
52 92
128 62
84 129
192 29
56 121
116 122
12 118
230 4
20 105
95 72
0 28
103 35
237 0
163 8
202 16
1 224
174 47
206 12
226 11
43 94
174 25
112 53
62 107
162 6
93 60
97 113
125 52
230 4
144 24
96 93
158 26
67 170
80 149
192 2
44 9
115 54
49 174
60 167
43 86
25 28
196 22
126 22
191 16
49 173
226 1
215 3
124 101
62 174
193 44
117 116
106 87
112 0
132 86
35
10 89
10 88
238 0
143 1
151 23
225 4
35 140
43 184
102 109
57 149
99 18
226 0
179 55
32 22
84 82
158 69
21 87
166 59
216 9
217 11
108 84
38 20
208 0
82 32
63 91
137 96
75 127
62 114
233 5
169 30
125 56
180 9
183 43
50 74
221 1
96
141 91
29 18
159 64
126 61
146 47
59 125
149 62
227 5
21 28
96 112
7 187
8 158
52 24
149 13
187 27
185 24
77 150
236 2
46 49
143 60
107 37
150 59
193 3
158 38
83 141
29 200
125 74
208 13
179 25
137 17
120 89
126 11
129 75
201 24
16 36
83 94
173 24
197 16
9 30
204 3
209 11
201 38
208 13
121 40
119 76
59 134
168 8
175 55
24 145
147 44
71 23
115 54
190 13
142 49
219 15
227 7
162 75
77 86
135 32
181 57
59 172
70 109
57 165
155 66
120 59
200 8
192 47
76 60
157 47
218 8
222 9
176 8
27 26
125 11
34 145
130 102
187 28
81 132
139 86
37 168
158 12
77 118
151 73
15 128
41 129
185 48
234 4
37 92
124 57
229 8
38 33
169 7
169 1
188 28
110 68
101 20
78
191 13
156 22
16 209
48 108
154 54
197 34
229 4
141 66
186 33
77 18
72 3
54 54
44 31
130 18
78 54
103 100
14 220
170 19
121 8
108 44
68 19
124 77
212 18
67 71
47 177
51 53
151 24
12 27
50 52
170 52
94 42
126 53
147 62
15 143
15 169
224 9
33 4
56 97
119 89
52 22
51 106
238 1
64 82
192 32
186 36
19 212
118 37
238 0
129 18
74 120
130 16
202 10
102 134
18 165
118 117
196 6
80 111
101 133
19 50
229 5
29 112
212 9
180 55
34 58
1 171
55 163
13 155
23 21
78 120
144 86
48 88
202 12
153 59
36 202
109 126
159 59
209 8
216 3
5
169 36
107 72
195 30
0 140
35 119
87
8 182
103 30
230 1
47 26
213 16
7 4
86 97
208 24
86 17
79 104
85 65
78 60
2 85
46 0
115 84
105 13
219 4
206 6
81 68
19 214
186 29
222 13
162 66
148 0
114 6
154 54
196 9
61 84
8 178
121 65
32 99
1 67
116 45
159 73
221 6
103 81
41 141
88 33
213 0
114 50
16 162
233 1
175 63
49 159
69 6
142 19
56 130
113 51
226 4
108 52
232 0
78 26
132 34
53 22
209 28
207 15
207 11
64 126
201 3
203 5
207 15
14 4
43 35
234 0
75 21
126 8
127 11
113 79
163 50
2 25
85 81
80 73
186 26
47 62
2 122
158 24
135 63
193 40
178 4
13 54
11 187
60 0
77 113
140 53
30 90
235 4
232 2
1
53 13
69
122 53
56 57
100 60
178 40
107 99
128 53
126 3
51 12
173 63
221 12
156 65
102 28
10 2
87 0
0 116
110 17
205 17
15 212
100 90
218 21
189 4
225 8
12 80
1 146
100 86
100 133
72 46
232 4
66 167
198 3
33 67
134 90
141 42
40 49
25 169
0 3
43 113
145 58
236 2
149 9
128 5
48 173
143 18
195 30
52 22
33 141
99 132
34 98
176 10
2 6
112 96
184 29
146 77
97 69
172 19
32 124
0 100
97 102
236 0
102 8
33 128
44 54
173 24
31 151
7 84
164 37
84 65
113 2
61 79
3
46 87
51 125
33 82
14
78 131
23 188
163 32
19 170
118 15
115 58
215 4
66 108
151 29
222 0
23 54
114 74
94 37
205 16
18
222 3
11 120
120 91
32 171
1 157
28 206
126 73
26 102
28 3
218 13
80 107
151 17
179 8
203 13
22 210
81 4
90 78
136 33
65
204 11
13 56
147 78
109 117
160 24
235 3
20 26
30 167
189 45
82 56
87 132
90 135
147 78
202 37
210 27
198 34
8 203
191 10
92 81
173 45
169 60
19 44
95 71
2 40
51 141
141 84
181 35
17 155
132 94
14 98
75 151
111 41
66 105
207 0
115 11
135 86
158 48
116 90
125 37
167 68
130 2
72 91
6 157
184 45
114 88
79 107
186 2
169 53
113 18
194 38
84 24
112 73
63 55
173 17
111 97
189 40
78 157
12 225
41 102
21 207
180 6
15 223
234 5
57 148
163 59
85
6 34
69 28
130 37
207 25
221 17
95 20
87 89
144 71
155 46
196 25
14 159
122 100
25 72
114 94
29 29
46 29
178 55
183 52
9 175
122 63
74 3
40 4
212 12
168 8
90 78
142 75
94 23
230 1
8 70
1 180
3 57
174 31
29 74
99 123
126 14
141 86
24 28
82 80
72 53
186 20
184 1
148 43
80 65
86 142
47 126
164 30
145 17
107 16
216 10
95 2
64 22
170 15
124 106
84 54
76 95
76 130
92 116
88 18
188 27
60 24
83 156
130 64
175 50
5 172
120 104
29 77
30 196
52 74
15 195
134 77
108 92
198 19
86 115
6 151
16 161
157 4
221 12
214 19
228 2
70 31
1 183
1 223
210 15
220 16
200 29
84
45 96
226 13
118 32
82 21
134 88
112 14
71 76
96 112
139 60
180 18
176 24
53 61
71 117
226 9
168 68
170 30
107 12
239 0
235 2
223 11
33 40
63 13
16 102
57 32
1 6
208 2
20 111
234 1
223 14
152 27
8 5
204 18
234 4
51 129
75 102
69 53
186 1
172 44
137 62
71 91
161 52
204 14
107 72
167 12
139 17
168 48
10 166
237 1
11 70
50 174
195 15
77 103
152 48
88 133
26 32
188 3
82 101
233 6
153 68
206 26
12 51
180 41
31 98
94 93
65 21
204 3
213 26
237 2
124 15
162 9
175 27
24 41
93 87
14 206
90 40
130 71
151 71
192 19
52 19
25 192
137 80
147 13
69 156
114 120
51
177 54
118 91
90 140
57 30
187 25
190 13
171 60
115 31
210 26
148 15
57 37
208 9
110 53
77 26
14 114
52 162
39 149
40 93
12 122
188 6
22 178
105 88
75 41
206 28
32 139
226 10
93 106
160 13
96 108
112 80
100 42
104 70
30 193
61 105
114 72
1 79
175 26
20 181
139 23
62 33
27 143
143 62
65 165
128 60
40 187
44 99
41 101
169 40
99 124
185 49
32 28
85
57 115
42 70
87 146
66 16
216 22
81 26
221 8
214 9
150 65
209 15
7 103
210 23
98 129
120 2
184 31
210 29
46 128
213 24
23 191
41 116
101 44
68 41
200 7
75 108
125 99
35 139
190 0
77 158
167 65
153 79
174 58
217 18
203 23
38 102
6 41
62 124
181 52
84 121
117 82
70 51
129 109
124 76
27 53
176 12
85 38
80 124
97 62
118 74
96 75
22 12
209 29
42 7
62 94
70 146
93 89
122 47
83 150
8 62
187 45
141 10
33 124
228 1
141 44
184 38
166 30
205 25
90 102
122 35
157 72
125 39
16 110
143 20
106 57
168 35
150 53
224 2
13 111
85 47
155 67
130 17
191 25
107 92
65 87
205 26
180 15
6
94 79
9 57
3 125
46 122
3 135
149 34
51
183 26
204 24
107 111
85 107
90 38
195 6
50 170
4 70
60 104
95 100
198 40
34 174
157 58
141 43
98 126
100 109
47 48
237 1
195 5
24 153
50 95
131 108
54 181
80 143
169 48
183 8
54 142
192 5
119 100
42 91
181 52
49 121
155 18
49 150
93 102
6 11
140 57
205 30
126 39
77 105
16 158
180 13
71 37
115 70
132 88
174 38
105 21
44 118
116 16
3 172
210 17
31
91 10
16 151
184 11
32 135
116 46
17 121
103 136
43 138
155 68
1 62
149 27
11 156
14 91
18 141
198 13
49 63
29 132
216 23
182 11
58 160
100 84
58 84
88 37
68 131
200 3
88 93
96 43
61 20
202 27
200 31
16 20
10
229 7
89 135
235 4
236 2
2 222
213 10
132 16
139 74
24 84
107 19
36
39 194
86 86
174 6
212 19
80 147
139 86
175 59
151 82
10 33
77 37
100 33
137 43
151 30
87 72
206 16
106 125
144 78
190 9
3 112
188 29
151 8
162 52
74 102
84 43
228 1
14 137
157 67
62 65
49 86
106 79
196 33
149 33
201 23
95 26
6 9
123 90
53
159 72
25 181
97 124
148 48
183 19
104 42
167 38
137 34
237 2
167 60
183 26
129 32
18 127
84 155
210 2
106 45
108 42
238 0
164 53
192 27
85 123
140 34
172 61
34 76
85 129
9 140
196 14
69 49
51 140
33 196
92 69
129 94
96 63
181 51
8 31
75 95
155 82
40 157
76 46
121 43
45 3
77 77
30 84
164 66
112 56
143 55
123 18
175 27
31 78
218 10
55 21
117 46
54 10
55
169 2
32 58
236 2
124 20
6 72
48 176
19 26
122 42
80 120
123 60
108 51
68 97
94 2
173 51
11 18
62 72
116 94
235 2
80 94
34 1
239 0
56 80
223 1
199 21
60 33
37 174
171 53
133 94
68 110
27 74
45 188
216 6
101 52
139 55
79 101
175 48
133 52
100 14
163 68
150 83
5 144
48 26
186 38
110 34
84 117
236 2
34 22
56 72
225 11
202 18
209 8
162 74
225 11
96 70
209 0
15
176 35
41 153
113 21
238 0
28 3
205 30
161 78
121 90
18 16
4 117
17 53
61 80
215 9
173 19
182 1
29
205 12
131 16
51 29
215 20
1 82
69 109
65 114
72 145
53 103
132 37
169 47
50 117
6 87
137 60
89 100
118 115
164 7
127 104
157 21
197 5
43 184
130 32
75 11
236 3
143 36
120 23
50 96
46 127
62 84
2
109 94
163 20
66
236 3
24 98
4 187
211 26
147 57
162 48
202 33
189 50
73 64
36 186
56 94
99 90
144 48
38 21
188 8
150 37
56 57
193 30
99 73
23 61
179 48
236 3
231 1
52 86
172 15
36 149
127 21
136 29
188 9
98 6
61 117
230 9
103 12
203 17
49 122
38 177
214 12
14 127
106 41
147 57
75 61
231 2
179 54
120 21
56 179
94 27
23 156
110 44
206 7
188 20
78 23
25 168
133 87
26 189
141 11
155 58
106 102
169 69
184 21
7 225
162 14
208 5
67 3
183 36
9 65
148 89
35
198 16
47 104
220 11
222 6
112 16
147 27
81 74
155 75
140 27
233 0
122 53
16 26
35 166
68 145
71 165
131 8
226 2
35 144
9 79
91 106
25 110
50 32
61 89
113 63
155 82
236 2
42 89
232 5
150 3
158 17
183 43
67 60
109 14
45 47
199 26
42
236 3
31 141
67 80
194 30
189 22
223 7
206 11
68 114
227 9
118 33
36 65
69 17
57 115
191 47
155 25
171 61
69 7
0 94
11 168
165 68
83 11
96 64
200 22
101 65
168 43
58 152
81 62
172 51
154 3
215 14
40 81
112 6
154 3
44 126
144 22
75 27
123 66
203 7
144 5
73 10
14 105
152 0
78
150 22
142 58
4 144
13 157
86 141
82 33
202 22
103 99
46 172
194 23
38 52
129 43
96 27
36 167
140 92
58 5
144 89
131 4
29 37
140 34
189 41
37 131
121 22
69 69
210 24
208 12
198 36
86 51
43 5
10 135
31 79
219 9
82 81
198 29
146 56
36 198
52 140
50 30
115 100
210 25
37 90
209 5
224 13
18 211
178 60
9 74
193 11
130 58
176 48
111 74
30 191
76 7
228 5
232 6
46 117
137 1
208 30
115 67
232 7
164 13
102 41
14 107
169 70
144 33
157 24
74 78
206 17
205 26
218 15
128 51
149 85
129 50
236 3
137 7
127 0
236 1
219 20
26 82
5
176 54
170 8
55 163
224 0
38 191
47
64 81
239 0
215 20
159 6
134 17
158 63
48 141
50 174
193 42
7 174
183 0
29 11
187 28
118 82
212 8
86 2
156 18
114 92
154 29
225 4
138 12
0 205
145 4
122 64
132 76
158 77
31 123
183 44
67 15
235 2
187 14
37 159
80 120
224 5
219 18
90 72
143 58
152 63
198 22
24 138
203 22
89 120
1 74
54 47
195 1
218 15
73 94
35
73 45
138 18
72 24
212 7
0 154
146 68
178 25
31 109
3 45
25 71
84 0
69 162
9 113
159 11
98 115
133 84
62 148
79 120
187 50
192 42
118 81
216 13
95 139
3 55
51 165
215 9
48 10
10 37
165 0
3 151
88 51
65 156
21 206
177 28
100 92
96
191 14
175 20
144 31
128 4
177 42
33 126
12 210
236 2
35 93
109 90
164 68
26 47
2 153
17 20
142 94
191 29
79 159
151 5
113 0
106 47
37 118
66 113
182 42
53 177
152 70
29 117
118 62
51 54
82 29
75 127
237 2
118 31
206 19
93 71
155 45
32 87
137 42
224 2
110 60
74 78
76 77
135 5
120 15
35 41
74 22
201 31
16 43
227 1
139 17
184 38
232 7
105 124
157 63
166 0
94 88
145 59
226 13
66 126
200 5
162 5
212 20
67 90
119 89
55 138
152 34
22 207
186 6
179 26
19 107
163 56
216 1
147 41
118 11
208 0
25 24
109 66
3 128
90 20
212 22
80 79
30 173
81 74
9 4
133 35
219 11
108 12
129 75
102 115
72 48
28 134
124 7
148 5
60 108
83 59
49 42
192 29
44
211 19
223 15
95 18
172 15
234 1
236 2
85 85
3 126
47 185
75 140
210 15
87 17
43 161
201 32
180 52
180 24
175 53
45 160
119 119
217 22
223 1
17 22
39 174
215 15
80 62
2 61
117 52
13 73
45 3
172 4
87 71
190 49
193 33
71 124
167 57
139 72
218 2
89 143
65 57
173 6
31 117
37 70
50 136
214 5
16
29 191
108 30
1 192
41 143
188 24
7 230
171 46
72 43
150 83
145 38
37 199
8 213
48 72
216 8
72 163
224 9
52
16 137
185 48
69 19
83 89
172 49
180 46
163 49
202 25
195 5
103 131
161 10
191 11
143 2
56 143
9 207
56 56
189 12
155 43
14 56
208 0
189 18
232 1
195 31
12 164
14 202
4 122
121 51
217 20
74 125
142 62
48 156
39 101
188 8
104 102
72 64
78 70
59 167
120 56
13 74
114 62
90 1
153 83
222 2
6 199
227 4
191 41
230 1
95 85
66 128
140 55
62 19
27 125
24
54 182
161 23
161 42
84 117
165 4
77 97
97 34
138 97
158 13
55 23
180 20
58 82
87 92
221 17
99 87
164 20
203 35
168 7
212 6
193 15
234 3
192 28
18 217
96 133
83
81 118
81 24
204 15
221 1
169 49
171 16
107 20
123 90
20 7
31 125
35 151
208 18
163 36
58 127
61 131
170 1
167 31
18 42
83 102
239 0
74 158
43 125
22 171
14 82
69 152
125 82
65 49
207 22
63 16
176 22
5 1
82 82
233 5
231 8
139 67
124 4
168 52
230 8
173 0
124 5
119 81
193 5
216 12
196 15
135 93
202 5
163 37
12 67
19 149
48 112
237 0
80 4
160 44
76 60
141 11
59 102
178 0
79 18
133 12
219 3
81 20
110 6
37 35
125 67
16 66
56 6
133 46
79 140
13 180
224 12
104 39
149 87
221 16
224 0
89 31
222 8
123 112
158 3
26 94
47 110
79 50
148 70
217 17
24
39 198
209 16
24 129
207 1
162 58
121 82
84 88
76 98
170 30
102 40
25 121
150 8
159 15
153 81
155 71
10 219
233 0
185 1
120 60
198 36
156 51
236 2
145 69
203 2
24
38 32
6 62
153 77
185 2
238 1
75 130
34 156
151 7
222 7
134 74
62 75
237 2
229 0
106 57
27 70
70 26
74 75
4 228
4 32
207 15
0 129
122 63
10 205
9 46
46
214 8
190 36
145 66
233 3
184 12
107 106
200 32
172 63
89 135
217 12
118 119
198 10
35 11
60 103
185 44
44 192
235 2
180 23
7 168
169 33
11 87
60 11
227 6
167 58
77 152
161 61
32 178
207 13
92 57
161 44
8 69
163 72
96 70
4 104
59 69
171 59
52 173
160 66
99 59
72 103
134 45
86 103
145 75
132 29
60 65
51 21
37
198 1
54 154
55 102
157 23
234 1
175 62
102 44
171 34
28 112
145 3
113 25
92 87
106 18
16 114
203 18
174 38
69 100
221 5
106 43
171 63
155 2
27 189
38 124
43 40
201 8
159 59
146 15
123 13
30 190
150 68
26 102
147 78
38 115
15 92
58 25
168 26
152 25
6
48 81
21 179
6 119
88 136
196 20
5 59
41
194 32
90 13
27 64
133 5
172 32
160 48
212 11
237 2
206 30
31 61
111 9
71 107
110 81
237 1
2 221
26 8
125 25
85 135
102 125
191 0
107 114
3 15
101 122
161 65
218 5
230 7
101 125
56 111
156 81
53 90
106 77
174 29
134 1
83 128
173 43
48 9
117 96
53 66
199 22
35 203
110 34
68
161 15
126 0
86 22
93 44
21 46
195 3
152 38
22 159
214 3
164 34
66 100
156 61
119 44
54 28
229 7
175 58
49 181
13 6
8 164
124 33
80 143
27 150
162 22
28 52
177 36
61 156
73 39
21 154
172 36
67 92
232 5
67 36
144 69
134 67
49 33
129 36
152 7
54 78
20 47
115 80
85 24
110 119
225 11
180 59
214 10
88 127
128 103
213 25
156 40
232 4
32 174
18 193
28 171
184 2
236 2
108 20
228 6
142 18
190 38
117 25
129 45
183 37
41 48
32 33
113 15
54 179
42 123
175 37
44
62 166
197 8
66 154
36 67
63 91
14 92
222 13
175 35
181 54
137 85
221 4
171 4
183 20
216 11
13 126
93 45
55 115
128 97
47 0
63 87
34 17
105 46
18 4
131 54
6 82
101 25
38 5
129 46
14 36
206 9
154 56
18 216
205 0
81 87
83 123
15 55
155 45
148 64
29 102
232 6
124 83
132 88
136 25
28 107
34
200 3
100 110
125 25
9 217
39 21
183 43
44 13
8 33
76 60
160 58
41 105
9 112
15 211
114 44
165 27
43 157
185 26
10 222
42 130
30 87
26 127
117 120
176 7
80 154
11 131
60 153
235 0
92 9
41 163
62 156
118 13
77 2
45 39
206 16
51
46 101
1 19
20 112
68 148
205 31
88 20
40 89
90 34
137 7
60 49
189 39
24 164
86 69
37 167
135 21
167 25
117 8
205 4
59 67
102 38
151 32
76 75
101 36
78 22
114 3
35 115
33 35
21 98
79 99
27 36
202 32
28 171
219 11
238 1
171 39
65 55
91 139
205 26
212 12
166 12
198 9
149 19
218 18
55 146
83 43
20 218
20 11
178 28
124 20
20 94
85 52
77
123 74
185 1
226 5
97 118
54 159
24 208
145 83
5 76
122 19
109 95
91 81
234 5
100 29
226 9
215 4
79 69
183 2
26 13
160 5
196 32
113 0
93 99
123 96
160 3
6 167
25 105
103 38
212 8
53 23
6 201
37 111
192 18
237 0
97 78
124 54
181 6
130 59
234 2
5 35
74 41
76 30
161 66
234 4
69 105
163 73
50 162
239 0
83 20
102 112
139 42
221 0
199 11
82 155
12 162
55 148
34 97
41 178
168 62
136 56
168 53
150 53
101 19
92 52
5 88
33 61
189 8
213 23
168 53
71 141
110 10
179 42
93 35
207 15
18 88
38 30
47 127
17 167
42
145 84
76 131
73 144
74 42
117 51
200 22
111 62
2 28
79 47
68 21
195 27
99 76
110 88
230 0
197 25
214 3
7 13
150 4
122 93
164 61
105 84
216 23
7 27
147 29
163 40
208 20
189 23
53 159
190 13
156 27
40 141
11 6
125 35
215 19
33 181
68 121
93 76
143 30
21 59
36 182
98 114
104 135
31
129 4
162 9
2 202
89 46
96 92
171 10
230 5
104 16
85 115
165 20
174 47
78 16
85 19
234 3
46 18
136 69
180 3
123 23
180 6
31 95
106 97
124 82
212 5
31 126
59 163
13 42
66 97
116 25
157 22
38 14
60 152
91
239 0
101 131
54 167
69 168
19 184
221 9
29 210
11 216
220 3
56 169
215 21
59 178
54 31
226 3
87 62
170 21
14 214
12 142
238 1
217 10
230 6
121 60
85 144
214 15
33 5
58 93
131 9
122 32
216 11
236 2
163 65
139 65
106 65
192 46
237 1
226 2
133 72
75 64
217 19
173 3
100 78
212 22
224 5
120 107
180 44
197 22
73 1
120 39
214 21
76 96
109 10
145 50
10 60
239 0
79 113
178 9
37 26
21 89
106 69
7 128
217 9
154 71
135 56
92 142
147 31
142 90
41 11
11 173
193 21
208 28
166 2
35 99
46 24
5 95
89 109
60 173
10 25
138 7
93 67
187 41
55 16
211 1
118 78
58 18
119 30
239 0
80 10
142 51
170 57
207 7
193 35
42
92 127
216 5
33 144
220 14
61 139
156 72
77 148
119 62
68 159
40 118
48 135
211 22
207 27
177 35
113 85
150 83
33 168
119 46
142 96
152 54
139 40
65 174
51 0
65 136
178 58
139 88
153 22
13 177
132 15
237 0
237 0
28 28
47 128
3 21
180 59
41 195
15 137
66 57
5 79
49 4
182 40
163 61
74
40 160
216 5
210 18
26 108
126 107
20 173
169 69
8 98
30 103
239 0
99 72
31 93
232 7
180 21
51 155
216 11
206 2
7 209
154 45
210 18
142 14
16 201
173 46
76 132
41 173
152 20
164 59
54 136
169 29
37 21
108 72
107 116
72 129
174 30
92 145
231 5
133 7
108 114
93 128
199 40
82 20
40 163
186 27
159 60
56 20
41 147
96 127
150 17
29 197
16 172
201 11
15 153
64 14
39 12
71 8
92 47
139 93
224 4
32 175
209 30
18 27
130 36
11 125
41 52
198 20
61 82
181 13
150 12
72 109
186 26
132 31
196 20
111 35
44 10
15
2 131
45 4
228 9
54 61
239 0
129 59
177 48
160 30
100 98
63 81
159 32
122 96
165 8
42 78
165 2
50
131 14
55 88
113 6
213 8
225 6
65 163
45 117
70 35
118 101
62 21
24 60
140 15
166 54
120 94
92 123
103 98
94 11
125 55
9 83
47 153
127 28
205 19
94 99
77 26
222 14
164 39
103 58
172 26
98 108
157 15
150 36
228 6
233 4
106 62
59 45
73 137
116 19
124 114
30 3
48 132
220 5
112 39
139 49
226 11
118 29
132 29
112 7
104 128
104 3
68 151
12
195 3
142 2
75 91
168 0
226 5
132 107
8 178
25 179
204 35
45 101
160 51
84 111
92
104 20
71 79
209 8
152 8
125 112
62 135
156 35
149 89
49 112
95 122
90 74
141 95
1 155
20 123
227 3
64 10
194 15
211 14
97 125
144 51
220 2
10 78
203 35
175 64
23 166
111 44
116 56
141 28
111 16
2 89
207 15
197 11
88 123
30 25
220 8
201 7
115 10
147 89
94 145
3 6
92 80
0 154
134 78
230 6
117 15
57 42
146 82
180 38
105 130
217 0
134 71
219 11
239 0
124 73
168 17
33 91
116 5
217 19
16 122
113 50
220 4
148 4
178 36
9 18
135 71
177 37
113 33
70 112
209 19
42 94
195 9
205 6
178 37
116 76
225 11
89 104
17 200
27 78
129 68
104 63
74 77
33 88
176 37
162 35
95 112
177 45
15 2
68 71
186 30
85 116
220 8
55 6
35
2 17
32 191
200 20
126 78
139 53
224 11
220 15
109 124
123 64
63 9
158 33
195 35
123 100
225 5
75 73
173 37
59 8
61 89
130 57
135 49
51 81
116 97
84 60
93 100
103 86
97 62
232 6
176 35
6 85
100 49
195 23
160 56
58 112
111 118
134 97
85
113 23
81 0
222 15
237 2
135 2
36 154
33 12
158 9
69 167
106 121
111 40
226 4
163 15
27 165
143 2
131 85
102 71
111 92
38 102
81 133
136 11
92 52
46 118
14 204
27 17
42 113
155 2
0 76
19 56
24 199
144 66
40 91
81 25
47 31
82 151
140 59
15 217
220 8
185 24
235 2
16 197
127 65
202 25
154 59
185 30
5 126
33 2
7 129
50 138
110 122
186 3
195 6
4 226
105 20
159 80
131 9
59 88
63 108
210 4
169 48
67 137
30 47
143 17
233 2
75 61
225 14
179 7
111 67
49 172
122 113
160 34
58 50
144 83
52 6
66 82
196 8
159 72
12 176
136 68
103 66
164 15
125 78
234 4
158 39
96 86

